==== TOTALS (after layer expansion) ====
cycles: 276439102
macs:   1408845676848
energy: 1705035091.092262 nJ  (1.705035091 J)
time@1.3GHz: 0.212645 s
