==== TOTALS (after layer expansion) ====
cycles: 1093114554.0
macs:   1584467515392
energy: 1174435384.498599 nJ  (1.174435384 J)
time@1.0GHz: 1.093115 s
