==== TOTALS (after layer expansion) ====
cycles: 251761707
macs:   1740401147904
energy: 1466691407.572908 nJ  (1.466691408 J)
time@1.0GHz: 0.251762 s
