==== TOTALS (after layer expansion) ====
cycles: 252201346
macs:   1740401147904
energy: 789779055.636530 nJ  (0.789779056 J)
time@1.0GHz: 0.252201 s
