==== TOTALS (after layer expansion) ====
cycles: 2304962842
macs:   11039370811392
energy: 8878609683.675800 nJ  (8.878609684 J)
time@1.0GHz: 2.304963 s
