==== TOTALS (after layer expansion) ====
cycles: 1844530511
macs:   8448714330880
energy: 6689853359.830713 nJ  (6.689853360 J)
time@1.0GHz: 1.844531 s
