==== TOTALS (after layer expansion) ====
cycles: 2969343866
macs:   14850461243392
energy: 11936798895.077141 nJ  (11.936798895 J)
time@1.0GHz: 2.969344 s
