==== TOTALS (after layer expansion) ====
cycles: 301337343.0
macs:   403422810880
energy: 293012799.218959 nJ  (0.293012799 J)
time@1.0GHz: 0.301337 s
