==== TOTALS (after layer expansion) ====
cycles: 2446968011
macs:   11706158170880
energy: 9254667372.695616 nJ  (9.254667373 J)
time@1.0GHz: 2.446968 s
